00002
00005
00006
00007
00008
00009
00010
00011
00013
00014
00015
00016
00017
00018
00019
00020
00021
00023
00024
00025
00026
00027
00028
00030
00031
00034
00035
00036
00037
00038
00039
00040
00041
00042
00043
00044
00045
00046
00048
00049
00050
00051
00052
00053
00054
00055
00056
00058
00059
00060
00061
00063
00064
00067
00068
00069
00070
00073
00074
00075
00076
00078
00080
00081
00083
00084
00085
00087
00088
00090
00091
00092
00093
00095
00096
00098
00099
00100
00101
00102
00103
00104
00105
00106
00107
00110
00111
00112
00113
00115
00116
00117
00118
00119
00120
